5330
6035
9819
0266
4596
9405
1803
5663
7262
4901
179385
213584
419482
739818
722686
127316
109155
192413
873659
104280
4648
8131
1043
5843
4739
9135
5640
3074
3762
1474
1870
2914
0989
1624
2975
3364
5897
1529
9639
2032
7520
6476
6435
6114
6202
8832
1174
6025
1645
7972
90968848
15311409
28681475
73171231
83167399
52296218
48011464
16871343
76414845
08641280
605953
826009
923011
931592
210413
179678
136017
212025
039429
035594
599002
559299
414830
184030
462798
937647
043353
904619
213761
184117


